FILE,PAGE,CLASS-1,CLASS-2,CLASS-3,SCORE-1,SCORE-2,SCORE-3,TRUE
CTX192000047,1,LINE_HW,TEXT,TEXT_P,0.571,0.221,0.209,LINE_HW
CTX192100040,1,TEXT,TEXT_HW,TEXT_T,0.84,0.101,0.059,TEXT
CTX192100040,2,TEXT,TEXT_T,LINE_T,0.901,0.068,0.031,TEXT
CTX192100040,4,TEXT,TEXT_T,TEXT_HW,0.75,0.193,0.057,TEXT
CTX192100040,5,LINE_T,LINE_HW,TEXT_T,0.491,0.3,0.209,LINE_T
CTX192100040,6,TEXT_T,TEXT_P,TEXT,0.664,0.198,0.138,TEXT_T
CTX192100040,7,TEXT,TEXT_T,TEXT_P,0.642,0.245,0.113,TEXT
CTX192100040,8,TEXT,TEXT_T,TEXT_HW,0.834,0.108,0.057,TEXT
CTX192100040,9,TEXT,TEXT_T,TEXT_HW,0.764,0.143,0.092,TEXT
CTX192200230,1,LINE_T,TEXT,TEXT_T,0.585,0.275,0.14,LINE_T
CTX192600357,1,PHOTO,TEXT,PHOTO_L,0.633,0.308,0.059,PHOTO
CTX192700593,1,LINE_HW,LINE_T,TEXT_P,0.686,0.215,0.099,LINE_HW
CTX192700593,2,TEXT_HW,TEXT,TEXT_P,0.724,0.193,0.083,TEXT_HW
CTX192700593,3,TEXT_HW,TEXT,TEXT_P,0.6,0.339,0.061,TEXT_HW
CTX192700593,4,TEXT_HW,TEXT_T,DRAW_L,0.832,0.085,0.083,TEXT_HW
CTX192700593,5,TEXT_HW,TEXT,TEXT_T,0.844,0.083,0.073,TEXT_HW
CTX192700593,6,TEXT_HW,TEXT_T,TEXT,0.881,0.061,0.058,TEXT_HW
CTX192700593,7,TEXT_HW,TEXT_P,TEXT,0.856,0.073,0.071,TEXT_HW
CTX192700593,8,DRAW,DRAW_L,TEXT,0.621,0.28,0.1,DRAW
CTX192700593,9,TEXT_HW,TEXT,TEXT_P,0.698,0.193,0.109,TEXT_HW
CTX192700593,33,TEXT_HW,TEXT,TEXT_T,0.666,0.194,0.139,TEXT_HW
CTX192800296,2,PHOTO_L,DRAW_L,PHOTO,0.777,0.121,0.102,PHOTO_L
CTX192800413,1,LINE_HW,LINE_T,TEXT_P,0.796,0.127,0.077,LINE_HW
CTX192900621,2,LINE_HW,LINE_T,TEXT,0.792,0.115,0.093,LINE_HW
CTX192900621,3,TEXT_HW,TEXT_P,TEXT,0.801,0.101,0.098,TEXT_HW
CTX192900621,4,TEXT_HW,TEXT,TEXT_P,0.716,0.227,0.058,TEXT_HW
CTX192900621,5,TEXT_HW,TEXT_P,TEXT,0.878,0.065,0.056,TEXT_HW
CTX192900621,6,TEXT_HW,TEXT_P,TEXT,0.805,0.117,0.078,TEXT_HW
CTX192900621,7,TEXT_HW,TEXT,TEXT_P,0.685,0.206,0.109,TEXT_HW
CTX192900621,8,TEXT_HW,TEXT_P,TEXT_T,0.824,0.094,0.082,TEXT_HW
CTX192900621,9,TEXT_HW,TEXT_P,TEXT_T,0.827,0.1,0.073,TEXT_HW
CTX192901359,1,TEXT,TEXT_T,LINE_T,0.935,0.038,0.027,TEXT_T
CTX193000925A,1,TEXT_HW,TEXT,TEXT_T,0.668,0.233,0.099,TEXT_HW
CTX193001890,1,LINE_HW,LINE_T,TEXT_HW,0.738,0.159,0.104,LINE_HW
CTX193001890,2,TEXT_HW,TEXT,TEXT_P,0.815,0.131,0.053,TEXT_HW
CTX193001890,3,TEXT_HW,TEXT,TEXT_P,0.805,0.101,0.094,TEXT_HW
CTX193001890,4,TEXT_HW,TEXT,TEXT_T,0.829,0.116,0.055,TEXT_HW
CTX193001890,5,DRAW,DRAW_L,PHOTO,0.72,0.155,0.124,DRAW
CTX193001890,6,DRAW,PHOTO,TEXT,0.644,0.217,0.139,DRAW
CTX193001890,7,PHOTO,TEXT,DRAW,0.374,0.364,0.262,DRAW
CTX193001890,8,DRAW,TEXT,PHOTO,0.535,0.269,0.196,DRAW
CTX193001890,9,DRAW,TEXT,PHOTO,0.625,0.229,0.146,DRAW
CTX193100253,1,LINE_HW,LINE_T,TEXT,0.579,0.249,0.172,LINE_HW
CTX193100253,2,TEXT_HW,TEXT_P,TEXT,0.73,0.136,0.134,TEXT_HW
CTX193100253,3,TEXT_HW,TEXT_P,TEXT,0.863,0.075,0.063,TEXT_HW
CTX193100253,4,TEXT_T,TEXT,LINE_T,0.755,0.137,0.108,TEXT_T
CTX193100253,5,TEXT_T,TEXT,LINE_T,0.8,0.12,0.08,TEXT_T
CTX193100253,6,TEXT_T,TEXT_P,TEXT,0.683,0.204,0.113,TEXT_T
CTX193100253,7,TEXT_T,TEXT,TEXT_P,0.838,0.088,0.074,TEXT_T
CTX193100253,8,TEXT_T,TEXT,TEXT_P,0.815,0.096,0.09,TEXT_T
CTX193100253,9,TEXT_T,TEXT_P,TEXT,0.862,0.086,0.052,TEXT_T
CTX193100391,1,TEXT,TEXT_P,PHOTO,0.963,0.019,0.018,TEXT
CTX193100391,2,TEXT,TEXT_T,LINE_T,0.795,0.125,0.081,TEXT
CTX193100391,3,TEXT,TEXT_T,TEXT_P,0.803,0.132,0.065,TEXT
CTX193100391,4,TEXT,TEXT_T,TEXT_HW,0.721,0.151,0.128,TEXT
CTX193100391,5,TEXT,TEXT_HW,TEXT_T,0.869,0.066,0.065,TEXT
CTX193100391,6,TEXT,TEXT_HW,TEXT_T,0.835,0.086,0.079,TEXT
CTX193100391,7,TEXT,TEXT_T,TEXT_HW,0.744,0.156,0.1,TEXT
CTX193100391,8,TEXT,TEXT_T,TEXT_P,0.742,0.153,0.104,TEXT
CTX193100391,9,TEXT_HW,TEXT_P,DRAW_L,0.747,0.146,0.107,TEXT_HW
CTX193100740,1,PHOTO_L,DRAW_L,PHOTO,0.734,0.176,0.09,PHOTO_L
CTX193101068,1,TEXT,TEXT_T,TEXT_HW,0.932,0.046,0.022,TEXT
CTX193101068,2,TEXT_T,TEXT_P,TEXT,0.58,0.236,0.184,TEXT_T
CTX193101068,3,TEXT_T,TEXT,TEXT_P,0.707,0.156,0.137,TEXT_T
CTX193101068,4,TEXT_T,TEXT,TEXT_P,0.718,0.179,0.103,TEXT_T
CTX193101068,5,TEXT_T,TEXT_P,TEXT,0.685,0.167,0.148,TEXT_T
CTX193101068,6,TEXT_T,TEXT,TEXT_P,0.665,0.199,0.135,TEXT_T
CTX193101068,7,TEXT_T,TEXT_P,TEXT,0.636,0.233,0.131,TEXT_T
CTX193101068,8,TEXT_T,TEXT,TEXT_P,0.714,0.16,0.126,TEXT_T
CTX193101068,9,TEXT_T,TEXT,TEXT_P,0.688,0.212,0.1,TEXT_T
CTX193200191,1,TEXT,TEXT_HW,TEXT_P,0.629,0.216,0.155,TEXT_HW
CTX193200191,2,TEXT_HW,TEXT,PHOTO,0.725,0.224,0.051,TEXT_HW
CTX193200191,3,PHOTO,TEXT,DRAW_L,0.921,0.05,0.029,PHOTO
CTX193200191,4,PHOTO,TEXT,DRAW_L,0.947,0.031,0.022,PHOTO
CTX193200191,5,PHOTO,TEXT,DRAW_L,0.947,0.028,0.025,PHOTO
CTX193200191,6,PHOTO,DRAW_L,TEXT,0.935,0.033,0.032,PHOTO
CTX193200191,7,PHOTO,TEXT,DRAW_L,0.894,0.063,0.043,PHOTO
CTX193200191,8,PHOTO,TEXT,DRAW_L,0.926,0.04,0.034,PHOTO
CTX193200191,9,PHOTO,TEXT,DRAW_L,0.935,0.037,0.028,PHOTO
CTX193200578,1,TEXT_HW,TEXT,TEXT_P,0.792,0.148,0.06,TEXT_HW
CTX193200578,2,DRAW,DRAW_L,TEXT,0.845,0.098,0.057,DRAW
CTX193200578,3,TEXT_T,TEXT,TEXT_P,0.731,0.148,0.121,TEXT_T
CTX193200578,4,TEXT_T,TEXT,TEXT_P,0.859,0.085,0.056,TEXT_T
CTX193200578,5,TEXT_HW,TEXT_T,DRAW_L,0.837,0.085,0.079,TEXT_HW
CTX193200578,6,TEXT_HW,TEXT,DRAW_L,0.791,0.126,0.083,TEXT_HW
CTX193200578,7,DRAW,DRAW_L,TEXT,0.831,0.092,0.077,DRAW
CTX193200578,8,TEXT_HW,TEXT,TEXT_T,0.695,0.195,0.11,TEXT_HW
CTX193200578,9,PHOTO,TEXT,TEXT_HW,0.947,0.037,0.016,PHOTO
CTX193200994,1,TEXT,LINE_T,TEXT_T,0.887,0.062,0.051,TEXT_HW
CTX193200994,5,TEXT,TEXT_T,TEXT_P,0.401,0.394,0.205,TEXT
CTX193200994,7,TEXT,TEXT_T,TEXT_P,0.888,0.073,0.039,TEXT
CTX193200994,8,TEXT_HW,TEXT,TEXT_P,0.791,0.147,0.062,TEXT_HW
CTX193200994,9,DRAW,DRAW_L,TEXT,0.723,0.177,0.1,DRAW
CTX193201748,1,TEXT_HW,TEXT,LINE_T,0.659,0.263,0.078,TEXT_HW
CTX193201748,2,TEXT_HW,TEXT,TEXT_P,0.647,0.191,0.163,TEXT_HW
CTX193201748,3,TEXT_HW,TEXT,TEXT_P,0.719,0.156,0.125,TEXT_HW
CTX193201748,4,TEXT_HW,TEXT,LINE_T,0.746,0.138,0.116,TEXT_HW
CTX193201748,5,TEXT_HW,TEXT_P,TEXT,0.612,0.208,0.179,TEXT_HW
CTX193201748,6,TEXT_HW,TEXT_P,TEXT,0.68,0.181,0.139,TEXT_HW
CTX193201748,7,TEXT_HW,TEXT,TEXT_P,0.751,0.129,0.12,TEXT_HW
CTX193201748,8,TEXT_HW,TEXT_P,TEXT,0.644,0.211,0.145,TEXT_HW
CTX193201748,9,TEXT_HW,TEXT,TEXT_P,0.696,0.172,0.131,TEXT_HW
CTX193201748,10,TEXT_HW,TEXT,LINE_T,0.64,0.235,0.124,TEXT_HW
CTX193201748,11,PHOTO,TEXT,DRAW_L,0.811,0.143,0.046,PHOTO
CTX193201748,12,TEXT_HW,TEXT_P,TEXT,0.752,0.142,0.106,TEXT_HW
CTX193201748,13,PHOTO,TEXT,DRAW_L,0.913,0.055,0.033,PHOTO
CTX193201748,14,TEXT_HW,TEXT_P,TEXT_T,0.823,0.107,0.07,TEXT_HW
CTX193201748,15,PHOTO,TEXT,DRAW_L,0.884,0.065,0.051,PHOTO
CTX193201748,16,TEXT_HW,TEXT_P,TEXT_T,0.694,0.215,0.092,TEXT_HW
CTX193201748,17,PHOTO,TEXT,DRAW,0.737,0.142,0.121,PHOTO
CTX193201748,18,TEXT_HW,TEXT_P,TEXT,0.7,0.201,0.098,TEXT_HW
CTX193201748,19,PHOTO,TEXT,DRAW_L,0.925,0.044,0.031,PHOTO
CTX193201748,20,TEXT_HW,TEXT,TEXT_P,0.884,0.065,0.051,TEXT_HW
CTX193201748,21,PHOTO,TEXT,DRAW_L,0.911,0.065,0.024,PHOTO
CTX193201748,22,TEXT_HW,TEXT_P,TEXT_T,0.83,0.098,0.072,TEXT_HW
CTX193201748,23,PHOTO,TEXT,DRAW_L,0.901,0.059,0.04,PHOTO
CTX193201748,24,TEXT_HW,TEXT_P,TEXT,0.626,0.252,0.122,TEXT_HW
CTX193201748,25,PHOTO,TEXT,DRAW_L,0.956,0.022,0.021,PHOTO
CTX193201748,26,TEXT_HW,TEXT,TEXT_T,0.879,0.068,0.053,TEXT_HW
CTX193201748,27,PHOTO,TEXT,DRAW_L,0.869,0.072,0.059,PHOTO
CTX193201748,28,TEXT_HW,TEXT,TEXT_T,0.88,0.074,0.046,TEXT_HW
CTX193201748,29,PHOTO,TEXT,DRAW_L,0.931,0.047,0.023,PHOTO
CTX193201748,30,TEXT_HW,TEXT_P,TEXT_T,0.77,0.135,0.095,TEXT_HW
CTX193201748,31,PHOTO,TEXT,DRAW_L,0.927,0.036,0.036,PHOTO
CTX193201748,32,TEXT_HW,TEXT_P,TEXT_T,0.833,0.093,0.074,TEXT_HW
CTX193201748,33,PHOTO,TEXT,DRAW_L,0.928,0.048,0.024,PHOTO
CTX193201748,34,TEXT_HW,TEXT_P,TEXT,0.852,0.082,0.066,TEXT_HW
CTX193201748,35,PHOTO,TEXT,DRAW_L,0.947,0.029,0.024,PHOTO
CTX193201748,36,TEXT_HW,TEXT,TEXT_T,0.847,0.088,0.065,TEXT_HW
CTX193201748,37,PHOTO,TEXT,DRAW_L,0.943,0.041,0.015,PHOTO
CTX193201748,38,TEXT_HW,TEXT,TEXT_P,0.913,0.049,0.037,TEXT_HW
CTX193201748,39,PHOTO,TEXT_HW,TEXT,0.856,0.088,0.056,PHOTO
CTX193201748,40,TEXT_HW,TEXT_T,TEXT,0.885,0.06,0.055,TEXT_HW
CTX193201748,41,PHOTO,TEXT,TEXT_T,0.909,0.053,0.038,PHOTO
CTX193201748,42,TEXT_HW,TEXT_P,TEXT_T,0.761,0.157,0.083,TEXT_HW
CTX193201748,43,PHOTO,TEXT,DRAW_L,0.894,0.062,0.044,PHOTO
CTX193201748,44,TEXT_HW,TEXT,TEXT_P,0.827,0.088,0.085,TEXT_HW
CTX193201748,45,PHOTO,TEXT,DRAW_L,0.951,0.032,0.017,PHOTO
CTX193201748,46,TEXT_HW,TEXT,TEXT_P,0.899,0.056,0.045,TEXT_HW
CTX193201748,47,PHOTO,TEXT,TEXT_HW,0.933,0.043,0.024,PHOTO
CTX193201748,48,TEXT_HW,TEXT,TEXT_P,0.893,0.061,0.046,TEXT_HW
CTX193201748,49,PHOTO,TEXT,DRAW_L,0.922,0.049,0.029,PHOTO
CTX193201748,50,TEXT_HW,TEXT,TEXT_T,0.897,0.063,0.041,TEXT_HW
CTX193201748,51,PHOTO,TEXT,TEXT_HW,0.891,0.071,0.038,PHOTO
CTX193201748,52,TEXT_HW,TEXT_P,TEXT,0.793,0.126,0.081,TEXT_HW
CTX193201748,53,PHOTO,TEXT,TEXT_T,0.937,0.037,0.026,PHOTO
CTX193201748,54,TEXT_HW,TEXT,TEXT_T,0.847,0.097,0.056,TEXT_HW
CTX193201748,55,PHOTO,TEXT,DRAW_L,0.911,0.058,0.031,PHOTO
CTX193201748,56,TEXT_HW,TEXT,TEXT_T,0.894,0.066,0.04,TEXT_HW
CTX193201748,57,PHOTO,TEXT,TEXT_HW,0.926,0.047,0.027,PHOTO
CTX193201748,58,TEXT_HW,TEXT_P,TEXT_T,0.877,0.066,0.056,TEXT_HW
CTX193201748,59,PHOTO,TEXT,DRAW_L,0.943,0.035,0.022,PHOTO
CTX193201748,60,TEXT_HW,TEXT,TEXT_T,0.892,0.067,0.041,TEXT_HW
CTX193201748,61,PHOTO,TEXT,DRAW_L,0.921,0.046,0.033,PHOTO
CTX193201748,62,TEXT_HW,TEXT,TEXT_T,0.813,0.109,0.078,TEXT_HW
CTX193201748,63,PHOTO,TEXT,TEXT_HW,0.924,0.046,0.03,PHOTO
CTX193201748,64,TEXT_HW,TEXT,TEXT_T,0.875,0.073,0.052,TEXT_HW
CTX193201748,65,PHOTO,TEXT,DRAW_L,0.936,0.036,0.028,PHOTO
CTX193201748,66,TEXT_HW,TEXT,TEXT_T,0.887,0.062,0.051,TEXT_HW
CTX193201748,67,PHOTO,TEXT,DRAW_L,0.959,0.023,0.018,PHOTO
CTX193201748,68,TEXT_HW,TEXT,TEXT_P,0.87,0.073,0.057,TEXT_HW
CTX193201748,69,PHOTO,TEXT,DRAW_L,0.916,0.052,0.032,PHOTO
CTX193201748,70,TEXT_HW,TEXT,TEXT_T,0.832,0.095,0.073,TEXT_HW
CTX193201748,71,PHOTO,TEXT,DRAW_L,0.93,0.049,0.021,PHOTO
CTX193201748,72,TEXT_HW,TEXT_P,TEXT,0.572,0.303,0.125,TEXT_HW
CTX193201748,73,PHOTO,TEXT,DRAW_L,0.942,0.038,0.02,PHOTO
CTX193201748,74,TEXT_HW,TEXT,TEXT_T,0.869,0.08,0.051,TEXT_HW
CTX193201748,75,PHOTO,TEXT,DRAW_L,0.94,0.038,0.022,PHOTO
CTX193201748,76,TEXT_HW,TEXT,TEXT_T,0.811,0.111,0.078,TEXT_HW
CTX193201748,77,PHOTO,TEXT,DRAW_L,0.947,0.036,0.017,PHOTO
CTX193201748,78,TEXT_HW,TEXT,TEXT_T,0.869,0.079,0.051,TEXT_HW
CTX193201748,79,PHOTO,TEXT,DRAW_L,0.916,0.053,0.031,PHOTO
CTX193201748,80,TEXT_HW,TEXT,TEXT_T,0.861,0.087,0.052,TEXT_HW
CTX193201748,81,PHOTO,TEXT,DRAW_L,0.906,0.049,0.045,PHOTO
CTX193201748,82,TEXT_HW,TEXT,PHOTO,0.893,0.063,0.044,TEXT_HW
CTX193201748,83,PHOTO,TEXT,DRAW,0.933,0.04,0.027,PHOTO
CTX193201748,84,PHOTO,TEXT,DRAW_L,0.943,0.031,0.025,PHOTO
CTX193201748,85,PHOTO,DRAW_L,DRAW,0.467,0.32,0.213,PHOTO
CTX193201748,86,PHOTO,TEXT,LINE_T,0.914,0.061,0.025,PHOTO
CTX193201748,87,PHOTO,TEXT,DRAW_L,0.919,0.056,0.025,PHOTO
CTX193201748,88,PHOTO,TEXT,DRAW,0.903,0.062,0.035,PHOTO
CTX193201748,89,PHOTO,TEXT,DRAW_L,0.92,0.053,0.028,PHOTO
CTX193201748,90,PHOTO,TEXT,DRAW_L,0.872,0.097,0.031,PHOTO
CTX193201748,91,PHOTO,TEXT,DRAW,0.862,0.078,0.06,PHOTO
CTX193201748,92,PHOTO,TEXT,DRAW,0.826,0.093,0.082,PHOTO
CTX193201748,93,PHOTO,TEXT,TEXT_T,0.901,0.054,0.045,PHOTO
CTX193201748,94,PHOTO,TEXT,DRAW_L,0.856,0.115,0.029,PHOTO
CTX193201748,95,PHOTO,TEXT,DRAW_L,0.914,0.054,0.032,PHOTO
CTX193201748,96,PHOTO,TEXT,DRAW,0.791,0.12,0.089,PHOTO
CTX193201748,97,PHOTO,TEXT,DRAW_L,0.874,0.088,0.038,PHOTO
CTX193201748,98,PHOTO,TEXT,DRAW_L,0.927,0.046,0.027,PHOTO
CTX193201748,99,PHOTO,TEXT,DRAW_L,0.907,0.056,0.037,PHOTO
CTX193202278,1,LINE_T,TEXT,TEXT_T,0.886,0.061,0.052,LINE_T
CTX193202278,2,LINE_T,TEXT,TEXT_T,0.789,0.132,0.079,LINE_T
CTX193202278,3,LINE_T,TEXT_T,TEXT,0.893,0.067,0.04,LINE_T
CTX193202278,4,LINE_T,TEXT_T,TEXT,0.778,0.154,0.068,LINE_T
CTX193202278,5,LINE_T,TEXT,TEXT_T,0.797,0.106,0.096,LINE_T
CTX193202278,6,LINE_T,TEXT_T,TEXT,0.789,0.118,0.093,LINE_T
CTX193202278,7,LINE_T,TEXT,TEXT_T,0.845,0.084,0.071,LINE_T
CTX193202278,8,LINE_T,TEXT_T,TEXT,0.882,0.063,0.055,LINE_T
CTX193202278,9,LINE_T,TEXT_T,TEXT,0.895,0.056,0.048,LINE_T
CTX193300082,1,TEXT,LINE_T,TEXT_T,0.978,0.013,0.009,TEXT
CTX193300434,2,TEXT,TEXT_P,TEXT_T,0.957,0.025,0.018,TEXT
CTX193300434,6,TEXT,TEXT_T,TEXT_HW,0.767,0.124,0.109,TEXT
CTX193300586,2,TEXT,TEXT_HW,DRAW,0.819,0.132,0.048,TEXT
CTX193300934,3,PHOTO,TEXT,DRAW_L,0.943,0.037,0.02,PHOTO
CTX193301131,8,PHOTO,TEXT_T,DRAW,0.874,0.064,0.062,PHOTO
CTX193301834,2,TEXT_HW,TEXT_P,TEXT,0.731,0.196,0.073,TEXT_HW
CTX193301834,8,DRAW,TEXT,DRAW_L,0.754,0.129,0.117,DRAW
CTX193302398,2,TEXT_HW,TEXT_P,TEXT_T,0.822,0.103,0.075,TEXT_HW
CTX193302398,3,TEXT_HW,TEXT_P,TEXT_T,0.86,0.075,0.066,TEXT_HW
CTX193401713B,21,PHOTO,TEXT,LINE_T,0.934,0.036,0.03,PHOTO
CTX193401713B,24,PHOTO,TEXT,DRAW_L,0.89,0.076,0.034,PHOTO
CTX193401761A,11,DRAW,DRAW_L,PHOTO,0.714,0.175,0.111,DRAW
CTX193401761A,14,DRAW,DRAW_L,PHOTO,0.636,0.284,0.08,DRAW
CTX193401762,1,TEXT_HW,TEXT,TEXT_P,0.865,0.074,0.062,TEXT_HW
CTX193401762,2,TEXT_HW,TEXT_T,TEXT_P,0.794,0.105,0.101,TEXT_HW
CTX193401762,3,TEXT_HW,TEXT_T,TEXT_P,0.8,0.111,0.089,TEXT_HW
CTX193401762,4,TEXT_HW,TEXT_P,TEXT_T,0.832,0.085,0.082,TEXT_HW
CTX193401762,5,TEXT_HW,TEXT_T,TEXT_P,0.822,0.096,0.082,TEXT_HW
CTX193401762,6,TEXT_HW,TEXT_T,TEXT_P,0.84,0.091,0.068,TEXT_HW
CTX193401762,7,TEXT_HW,TEXT_P,TEXT_T,0.839,0.087,0.073,TEXT_HW
CTX193401762,8,TEXT_HW,TEXT_T,TEXT_P,0.769,0.123,0.109,TEXT_HW
CTX193401762,9,TEXT_HW,TEXT_T,TEXT_P,0.866,0.076,0.059,TEXT_HW
CTX193401762A,3,DRAW,TEXT,DRAW_L,0.828,0.119,0.053,DRAW
CTX193401762A,8,DRAW,DRAW_L,TEXT,0.641,0.229,0.13,DRAW
CTX193401762A,9,PHOTO,DRAW,TEXT_T,0.864,0.081,0.055,PHOTO
CTX193401762A,10,TEXT,DRAW,DRAW_L,0.46,0.387,0.153,DRAW
CTX193401762A,18,PHOTO,TEXT,DRAW,0.915,0.052,0.033,PHOTO
CTX193401762A,24,DRAW,DRAW_L,TEXT,0.813,0.116,0.07,DRAW
CTX193401763A,1,DRAW,DRAW_L,TEXT,0.675,0.25,0.075,DRAW
CTX193401763A,2,DRAW,DRAW_L,PHOTO,0.741,0.155,0.104,DRAW
CTX193401763A,8,DRAW,DRAW_L,TEXT,0.865,0.068,0.066,DRAW
CTX193401763A,11,DRAW,DRAW_L,TEXT,0.62,0.194,0.186,DRAW
CTX193401763A,14,DRAW,DRAW_L,TEXT,0.773,0.143,0.084,DRAW
CTX193500040,9,TEXT_HW,TEXT,LINE_T,0.814,0.101,0.085,TEXT_HW
CTX193600452A,1,TEXT,TEXT_T,DRAW_L,0.726,0.2,0.074,TEXT_T
CTX193601401,1,TEXT_HW,TEXT,TEXT_P,0.875,0.08,0.045,TEXT_HW
CTX193601401,2,TEXT_HW,TEXT_P,TEXT,0.83,0.098,0.072,TEXT_HW
CTX193601401,3,TEXT_HW,TEXT_P,TEXT_T,0.853,0.074,0.073,TEXT_HW
CTX193601401,4,TEXT_HW,TEXT_P,TEXT,0.811,0.121,0.068,TEXT_HW
CTX193601401,5,TEXT_HW,TEXT_P,TEXT_T,0.838,0.085,0.077,TEXT_HW
CTX193601401,6,TEXT_HW,TEXT_P,TEXT,0.788,0.14,0.072,TEXT_HW
CTX193601401,7,TEXT_HW,TEXT,TEXT_P,0.748,0.127,0.125,TEXT_HW
CTX193601411,1,TEXT_HW,TEXT,TEXT_P,0.548,0.249,0.203,TEXT_HW
CTX193601411,2,TEXT_HW,TEXT,LINE_T,0.793,0.165,0.041,TEXT_HW
CTX193601411,3,LINE_HW,TEXT_HW,LINE_T,0.688,0.221,0.091,LINE_HW
CTX193601411,4,TEXT_HW,TEXT,TEXT_P,0.867,0.087,0.046,TEXT_HW
CTX193601411,5,TEXT_HW,TEXT,TEXT_T,0.89,0.073,0.037,TEXT_HW
CTX193601411,6,TEXT_HW,TEXT,TEXT_P,0.888,0.066,0.046,TEXT_HW
CTX193601411,7,TEXT,DRAW,TEXT_HW,0.422,0.361,0.217,DRAW
CTX193601411,8,TEXT_HW,TEXT,TEXT_T,0.906,0.061,0.033,TEXT_HW
CTX193601411,9,DRAW,TEXT,TEXT_HW,0.537,0.31,0.153,DRAW
CTX193601811,2,TEXT_HW,TEXT,TEXT_P,0.816,0.101,0.083,TEXT_HW
CTX193601821,6,TEXT_HW,TEXT,TEXT_T,0.729,0.167,0.103,TEXT_HW
CTX193601821,7,TEXT_HW,TEXT_P,TEXT_T,0.763,0.131,0.106,TEXT_HW
CTX193701944A,1,TEXT_T,TEXT,TEXT_P,0.818,0.111,0.071,TEXT_T
CTX193701944A,2,TEXT_T,TEXT_P,TEXT,0.754,0.136,0.11,TEXT_T
CTX193701944A,3,TEXT_T,TEXT_P,TEXT,0.628,0.187,0.185,TEXT_T
CTX193701944A,4,TEXT_T,TEXT_P,TEXT,0.699,0.225,0.076,TEXT_T
CTX193701944A,5,TEXT_T,TEXT_P,TEXT,0.608,0.285,0.108,TEXT_T
CTX193701944A,7,TEXT_T,TEXT_P,TEXT,0.645,0.274,0.081,TEXT_T
CTX193701944A,8,TEXT_HW,TEXT,LINE_HW,0.677,0.197,0.125,TEXT_HW
CTX193701944A,9,TEXT_HW,LINE_HW,TEXT,0.733,0.139,0.128,TEXT_HW
CTX193701944A,10,TEXT_HW,LINE_HW,DRAW_L,0.625,0.242,0.133,TEXT_HW
CTX193701944A,11,TEXT_HW,TEXT,LINE_HW,0.721,0.16,0.12,TEXT_HW
CTX193701944A,12,TEXT_HW,TEXT,LINE_T,0.826,0.095,0.079,TEXT_HW
CTX193701944A,13,TEXT_HW,LINE_HW,TEXT,0.653,0.186,0.161,TEXT_HW
CTX193701944A,14,DRAW,DRAW_L,TEXT,0.787,0.166,0.047,DRAW
CTX193701944A,15,DRAW,DRAW_L,TEXT,0.753,0.137,0.11,DRAW
CTX193701944A,16,DRAW,DRAW_L,TEXT,0.735,0.183,0.082,DRAW
CTX193701944A,17,PHOTO,TEXT,DRAW_L,0.949,0.032,0.019,PHOTO
CTX193701944A,18,PHOTO,TEXT,TEXT_HW,0.911,0.064,0.026,PHOTO
CTX193701944A,19,PHOTO,TEXT,DRAW_L,0.902,0.067,0.031,PHOTO
CTX193701944A,20,PHOTO,DRAW_L,TEXT_T,0.915,0.045,0.04,PHOTO
CTX193701944A,21,PHOTO,DRAW_L,LINE_T,0.938,0.034,0.029,PHOTO
CTX193701944A,22,PHOTO,DRAW_L,TEXT,0.909,0.046,0.045,PHOTO
CTX193702477,1,TEXT_HW,TEXT_P,TEXT,0.843,0.079,0.078,TEXT_HW
CTX193702477,2,TEXT,LINE_T,TEXT_T,0.951,0.025,0.024,TEXT
CTX193702477,3,DRAW,DRAW_L,TEXT,0.771,0.173,0.056,DRAW
CTX193702477,4,TEXT_HW,TEXT_P,TEXT,0.724,0.154,0.122,TEXT_HW
CTX193702477,5,DRAW,TEXT,DRAW_L,0.511,0.269,0.22,DRAW
CTX193702477,6,DRAW,TEXT,DRAW_L,0.597,0.285,0.118,DRAW
CTX193702477,7,DRAW,TEXT,DRAW_L,0.66,0.212,0.128,DRAW
CTX193702477,8,DRAW,TEXT,DRAW_L,0.731,0.137,0.133,DRAW
CTX193702477,9,DRAW,DRAW_L,TEXT,0.595,0.232,0.173,DRAW
CTX193702477,10,DRAW,DRAW_L,TEXT,0.761,0.155,0.084,DRAW
CTX193702477,11,DRAW,TEXT,TEXT_HW,0.454,0.392,0.154,DRAW
CTX193702477,12,DRAW,TEXT,DRAW_L,0.515,0.258,0.227,DRAW
CTX193702477,13,TEXT_HW,TEXT_P,TEXT,0.759,0.161,0.08,TEXT_HW
CTX193702477,14,DRAW,TEXT,DRAW_L,0.777,0.121,0.102,DRAW
CTX193702477,15,DRAW,DRAW_L,TEXT,0.829,0.115,0.055,DRAW
CTX193702477,16,TEXT_HW,TEXT,TEXT_T,0.73,0.178,0.093,TEXT_HW
CTX193702477,17,TEXT_HW,TEXT_P,TEXT,0.786,0.123,0.091,TEXT_HW
CTX193702477,18,TEXT_HW,TEXT_P,TEXT,0.769,0.142,0.089,TEXT_HW
CTX193702477,19,TEXT_HW,TEXT_P,TEXT_T,0.719,0.178,0.103,TEXT_HW
CTX193702477,20,TEXT_HW,TEXT,TEXT_T,0.713,0.148,0.139,TEXT_HW
CTX193702477,21,TEXT_HW,TEXT_P,TEXT,0.734,0.143,0.122,TEXT_HW
CTX193702477,22,DRAW,TEXT,DRAW_L,0.503,0.265,0.232,DRAW
CTX193702477,23,TEXT_HW,TEXT_P,TEXT_T,0.651,0.217,0.132,TEXT_HW
CTX193702477,24,TEXT_HW,TEXT_P,TEXT,0.795,0.132,0.073,TEXT_HW
CTX193702477,25,DRAW,DRAW_L,TEXT_HW,0.658,0.172,0.17,DRAW
CTX193702477,26,TEXT_HW,DRAW_L,TEXT_P,0.702,0.178,0.12,TEXT_HW
CTX193702477,27,DRAW,DRAW_L,TEXT,0.789,0.136,0.074,DRAW
CTX193702477,28,DRAW,TEXT,DRAW_L,0.84,0.089,0.071,DRAW
CTX193702477,29,TEXT_HW,TEXT_P,TEXT_T,0.774,0.166,0.061,TEXT_HW
CTX193702477,30,DRAW,DRAW_L,TEXT,0.81,0.1,0.09,DRAW
CTX193702477,31,TEXT_HW,TEXT_P,TEXT,0.678,0.241,0.081,TEXT_HW
CTX193702477,32,TEXT_HW,TEXT_P,TEXT,0.814,0.125,0.061,TEXT_HW
CTX193702477,33,DRAW,DRAW_L,TEXT,0.865,0.076,0.059,DRAW
CTX193702477,34,TEXT_HW,TEXT_P,TEXT_T,0.797,0.129,0.075,TEXT_HW
CTX193702477,35,TEXT_HW,TEXT_P,TEXT_T,0.762,0.161,0.077,TEXT_HW
CTX193702477,36,DRAW,TEXT,DRAW_L,0.724,0.142,0.134,DRAW
CTX193702477,37,TEXT_HW,TEXT_P,TEXT,0.797,0.124,0.078,TEXT_HW
CTX193702477,38,TEXT_HW,TEXT_P,TEXT_T,0.754,0.162,0.084,TEXT_HW
CTX193702477,39,DRAW,DRAW_L,TEXT,0.589,0.232,0.179,DRAW
CTX193702477,40,DRAW,TEXT,DRAW_L,0.797,0.117,0.086,DRAW
CTX193702477,41,DRAW,TEXT,DRAW_L,0.818,0.093,0.089,DRAW
CTX193702477,42,TEXT_HW,TEXT_P,TEXT_T,0.797,0.125,0.078,TEXT_HW
CTX193702477,43,TEXT_HW,TEXT_P,TEXT,0.799,0.14,0.061,TEXT_HW
CTX193702477,44,TEXT_HW,TEXT_P,TEXT,0.803,0.128,0.069,TEXT_HW
CTX193702477,45,DRAW,DRAW_L,TEXT,0.842,0.127,0.031,DRAW
CTX193702477,46,DRAW,DRAW_L,TEXT_T,0.636,0.309,0.054,DRAW
CTX193702477,47,DRAW,DRAW_L,TEXT,0.724,0.189,0.087,DRAW
CTX193702477,48,DRAW,DRAW_L,TEXT,0.657,0.186,0.157,DRAW
CTX193702477,49,DRAW,TEXT_HW,DRAW_L,0.558,0.243,0.199,DRAW
CTX193702477,50,TEXT_HW,TEXT_P,TEXT,0.764,0.137,0.099,TEXT_HW
CTX193702477,51,TEXT_HW,TEXT_P,TEXT,0.712,0.194,0.094,TEXT_HW
CTX193702477,52,TEXT_HW,TEXT_P,TEXT,0.74,0.152,0.109,TEXT_HW
CTX193702477,53,TEXT_HW,TEXT_P,TEXT_T,0.751,0.176,0.073,TEXT_HW
CTX193702477,54,DRAW,DRAW_L,TEXT,0.795,0.118,0.087,DRAW
CTX193702477,55,TEXT_HW,TEXT_P,TEXT_T,0.739,0.189,0.072,TEXT_HW
CTX193702477,56,TEXT_HW,TEXT_P,TEXT_T,0.829,0.109,0.061,TEXT_HW
CTX193702477,57,TEXT_HW,TEXT_P,TEXT,0.831,0.092,0.077,TEXT_HW
CTX193702477,58,TEXT_HW,TEXT_P,TEXT_T,0.829,0.102,0.069,TEXT_HW
CTX193702477,59,TEXT_HW,TEXT_P,TEXT_T,0.818,0.123,0.059,TEXT_HW
CTX193702477,60,DRAW,DRAW_L,TEXT,0.684,0.218,0.098,DRAW
CTX193702477,61,TEXT_HW,TEXT_P,TEXT,0.78,0.118,0.102,TEXT_HW
CTX193702477,62,TEXT_HW,TEXT_P,TEXT,0.766,0.137,0.097,TEXT_HW
CTX193702477,63,TEXT_HW,TEXT_P,TEXT_T,0.803,0.119,0.077,TEXT_HW
CTX193702477,64,DRAW,DRAW_L,TEXT,0.756,0.146,0.098,DRAW
CTX193702477,65,DRAW,DRAW_L,TEXT,0.728,0.143,0.129,DRAW
CTX193702477,66,TEXT_HW,TEXT_P,TEXT_T,0.69,0.198,0.111,TEXT_HW
CTX193702477,67,DRAW,DRAW_L,TEXT,0.618,0.24,0.142,DRAW
CTX193702477,68,DRAW,TEXT,TEXT_HW,0.65,0.217,0.133,DRAW
CTX193702477,69,TEXT_HW,TEXT_P,TEXT,0.792,0.145,0.063,TEXT_HW
CTX193702477,70,TEXT_HW,TEXT_P,TEXT,0.71,0.163,0.127,TEXT_HW
CTX193702477,71,TEXT_HW,TEXT_P,TEXT_T,0.813,0.119,0.067,TEXT_HW
CTX193702477,72,TEXT,TEXT_P,LINE_P,0.857,0.077,0.067,TEXT
CTX193702477,73,DRAW,DRAW_L,TEXT,0.735,0.179,0.086,DRAW
CTX193702477,74,DRAW,TEXT_HW,TEXT,0.494,0.279,0.226,DRAW
CTX193702477,75,TEXT,DRAW,DRAW_L,0.442,0.348,0.21,DRAW
CTX193702477,76,DRAW,DRAW_L,TEXT,0.838,0.098,0.065,DRAW
CTX193702477,77,DRAW,TEXT,TEXT_HW,0.42,0.336,0.244,DRAW
CTX193702477,78,TEXT_HW,TEXT_P,TEXT,0.778,0.123,0.099,TEXT_HW
CTX193702477,79,DRAW,DRAW_L,TEXT,0.796,0.123,0.081,DRAW
CTX193702477,80,TEXT_HW,TEXT_P,TEXT,0.694,0.211,0.095,TEXT_HW
CTX193702477,81,TEXT_HW,TEXT_P,TEXT_T,0.747,0.167,0.086,TEXT_HW
CTX193702477,82,TEXT_HW,TEXT_P,TEXT,0.69,0.157,0.153,TEXT_HW
CTX193702477,83,DRAW,DRAW_L,TEXT,0.694,0.198,0.107,DRAW
CTX193702477,84,DRAW,TEXT,DRAW_L,0.806,0.103,0.092,DRAW
CTX193702477,85,TEXT_HW,TEXT_P,TEXT_T,0.773,0.147,0.08,TEXT_HW
CTX193702477,86,DRAW,TEXT,DRAW_L,0.888,0.057,0.054,DRAW
CTX193702477,87,TEXT_HW,TEXT_P,TEXT,0.756,0.169,0.075,TEXT_HW
CTX193702477,88,TEXT_HW,TEXT_P,TEXT_T,0.751,0.18,0.069,TEXT_HW
CTX193702477,89,TEXT_HW,TEXT_P,TEXT_T,0.508,0.328,0.164,TEXT_HW
CTX193702477,90,DRAW,DRAW_L,TEXT,0.842,0.108,0.05,DRAW
CTX193702477,91,DRAW,DRAW_L,TEXT,0.803,0.147,0.05,DRAW
CTX193702477,92,DRAW,DRAW_L,TEXT,0.558,0.292,0.15,DRAW
CTX193702477,93,TEXT_HW,TEXT_P,TEXT,0.838,0.084,0.078,TEXT_HW
CTX193702477,95,DRAW,TEXT,DRAW_L,0.535,0.262,0.203,DRAW
CTX193702477,96,DRAW,DRAW_L,TEXT,0.666,0.228,0.107,DRAW
CTX193702477,97,DRAW,DRAW_L,TEXT_HW,0.414,0.363,0.224,DRAW
CTX193702477,98,TEXT_HW,TEXT_P,TEXT,0.769,0.137,0.094,TEXT_HW
CTX193702477,99,DRAW,DRAW_L,TEXT,0.614,0.201,0.184,DRAW
CTX193800539A,1,TEXT_T,TEXT,LINE_T,0.586,0.21,0.204,TEXT_T
CTX193800545,1,TEXT_HW,TEXT,TEXT_P,0.714,0.232,0.054,TEXT_HW
CTX193801083,1,TEXT_HW,TEXT,TEXT_P,0.726,0.209,0.065,TEXT_HW
CTX193801636,1,TEXT,DRAW_L,TEXT_P,0.906,0.052,0.042,TEXT
CTX193801636,2,TEXT,TEXT_T,DRAW,0.528,0.379,0.093,TEXT
CTX193801636,3,TEXT,TEXT_T,LINE_T,0.809,0.121,0.069,TEXT
CTX193801636,7,TEXT_T,TEXT,TEXT_P,0.744,0.137,0.119,TEXT_T
CTX193801636,8,TEXT_T,TEXT,DRAW,0.579,0.29,0.131,TEXT_T
CTX193801636,9,TEXT_T,TEXT,DRAW,0.677,0.221,0.101,TEXT_T
CTX193801636,10,TEXT_T,TEXT_P,TEXT,0.504,0.296,0.199,TEXT_T
CTX193801636,11,TEXT_T,TEXT,TEXT_P,0.664,0.229,0.107,TEXT_T
CTX193801636,12,TEXT_T,TEXT,LINE_T,0.738,0.169,0.093,TEXT_T
CTX193801636,13,TEXT_T,TEXT,LINE_T,0.614,0.32,0.065,TEXT_T
CTX193801636,17,TEXT_T,TEXT,TEXT_P,0.462,0.38,0.158,TEXT_T
CTX193801636,18,TEXT_T,TEXT,LINE_T,0.65,0.239,0.111,TEXT_T
CTX193801636,20,TEXT_HW,TEXT_T,LINE_T,0.606,0.23,0.164,TEXT_HW
CTX193801636,22,TEXT,TEXT_T,LINE_T,0.741,0.203,0.057,TEXT
CTX193801636,29,TEXT_HW,TEXT_T,TEXT_P,0.512,0.273,0.215,TEXT_HW
CTX193801636,30,TEXT,TEXT_T,LINE_T,0.684,0.255,0.06,TEXT
CTX193801636,31,TEXT,TEXT_T,DRAW,0.928,0.048,0.024,TEXT
CTX193801636,32,TEXT_HW,TEXT,TEXT_P,0.608,0.206,0.186,TEXT_HW
CTX193801636,33,TEXT,TEXT_T,DRAW_L,0.585,0.298,0.117,TEXT
CTX193801636,35,TEXT,TEXT_T,LINE_T,0.466,0.418,0.116,TEXT
CTX193801636,36,TEXT,TEXT_T,LINE_T,0.776,0.159,0.065,TEXT
CTX193801636,38,TEXT_HW,TEXT,TEXT_P,0.648,0.222,0.13,TEXT_HW
CTX193801636,39,TEXT_T,TEXT,LINE_T,0.463,0.419,0.118,TEXT
CTX193801636,47,TEXT,TEXT_T,LINE_T,0.458,0.402,0.14,TEXT
CTX193801636,48,TEXT,LINE_T,TEXT_T,0.936,0.035,0.029,TEXT
CTX193801636,49,TEXT_HW,TEXT_T,LINE_T,0.664,0.172,0.164,TEXT_HW
CTX193801636,50,TEXT,TEXT_P,TEXT_HW,0.833,0.089,0.078,TEXT
CTX193801636,57,TEXT_T,TEXT,DRAW,0.452,0.401,0.147,TEXT
CTX193801636,61,TEXT_T,TEXT,LINE_T,0.685,0.168,0.147,TEXT_T
CTX193801636,62,TEXT_T,TEXT,LINE_T,0.638,0.244,0.118,TEXT_T
CTX193801636,63,TEXT_HW,TEXT,TEXT_P,0.618,0.223,0.159,TEXT_HW
CTX193801636,64,TEXT,TEXT_T,LINE_T,0.736,0.201,0.063,TEXT
CTX193801636,65,TEXT_T,TEXT,DRAW,0.482,0.354,0.164,TEXT_T
CTX193801636,71,TEXT,TEXT_T,DRAW_L,0.696,0.202,0.101,TEXT
CTX193801636,76,TEXT_T,TEXT,TEXT_P,0.464,0.274,0.262,TEXT_T
CTX193801636,77,TEXT_T,TEXT,LINE_T,0.561,0.277,0.162,TEXT_T
CTX193801636,78,TEXT_T,TEXT,LINE_T,0.518,0.314,0.168,TEXT_T
CTX193801636,79,TEXT_T,TEXT,DRAW,0.517,0.331,0.152,TEXT_T
CTX193801636,81,TEXT,TEXT_T,DRAW_L,0.714,0.171,0.115,TEXT
CTX193801636,87,TEXT_T,TEXT,LINE_T,0.466,0.442,0.092,TEXT
CTX193801636,91,TEXT_T,TEXT,TEXT_P,0.478,0.314,0.208,TEXT
CTX193801636,94,TEXT_HW,TEXT,TEXT_T,0.743,0.142,0.115,TEXT_HW
CTX193801636,95,TEXT,TEXT_T,DRAW,0.496,0.388,0.116,TEXT
CTX193801636,97,TEXT,TEXT_T,TEXT_P,0.806,0.117,0.077,TEXT
CTX193801636,99,TEXT,TEXT_T,DRAW,0.749,0.179,0.072,TEXT
CTX193902106A,1,TEXT,TEXT_P,TEXT_T,0.964,0.021,0.014,TEXT
CTX193903912,1,DRAW,DRAW_L,TEXT,0.704,0.162,0.134,DRAW
CTX193903912,2,TEXT_P,TEXT,TEXT_HW,0.59,0.311,0.099,TEXT_P
CTX193903912,3,PHOTO,TEXT,PHOTO_L,0.769,0.142,0.089,PHOTO
CTX193903912,4,PHOTO,TEXT,TEXT_P,0.77,0.158,0.072,PHOTO
CTX193903912,5,DRAW,DRAW_L,TEXT,0.698,0.183,0.119,DRAW
CTX193903912,6,DRAW,DRAW_L,TEXT,0.762,0.138,0.101,DRAW
CTX193903912,7,DRAW,DRAW_L,TEXT,0.748,0.167,0.085,DRAW
CTX193903912,8,DRAW,TEXT,TEXT_T,0.461,0.348,0.191,DRAW
CTX193903912,9,DRAW,DRAW_L,TEXT,0.604,0.319,0.077,DRAW
CTX193903912,16,TEXT_P,TEXT,LINE_P,0.498,0.308,0.194,LINE_P
CTX193903912,25,DRAW,DRAW_L,TEXT,0.853,0.097,0.05,DRAW
CTX194001390A,1,TEXT,TEXT_HW,TEXT_P,0.814,0.133,0.053,TEXT
CTX194002154B,1,TEXT_T,TEXT,LINE_T,0.765,0.131,0.104,TEXT_T
CTX194002572B,1,TEXT_HW,TEXT,TEXT_P,0.852,0.087,0.06,TEXT_HW
CTX194002674,1,DRAW_L,DRAW,PHOTO_L,0.695,0.182,0.123,DRAW_L
CTX194002815,5,LINE_HW,TEXT,LINE_T,0.669,0.168,0.163,LINE_HW
CTX194002815,6,LINE_HW,TEXT_HW,LINE_P,0.391,0.369,0.24,LINE_HW
CTX194002815,7,LINE_HW,TEXT_HW,DRAW,0.686,0.163,0.151,LINE_HW
CTX194002815,8,LINE_HW,TEXT_HW,DRAW,0.565,0.226,0.209,LINE_HW
CTX194002815,9,LINE_HW,LINE_T,TEXT,0.664,0.186,0.15,LINE_HW
CTX194003694,2,TEXT_HW,TEXT,TEXT_T,0.796,0.149,0.054,TEXT_HW
CTX194004886,1,PHOTO_L,DRAW_L,LINE_T,0.847,0.088,0.065,PHOTO_L
CTX194004932,1,PHOTO,TEXT,TEXT_T,0.882,0.086,0.032,PHOTO
CTX194005140B,1,TEXT,TEXT_T,LINE_T,0.793,0.155,0.052,TEXT
CTX194005222,1,TEXT_HW,TEXT,TEXT_P,0.744,0.207,0.049,TEXT_HW
CTX194005235A,1,TEXT,TEXT_T,TEXT_P,0.742,0.158,0.099,TEXT
CTX194005239A,1,TEXT_T,TEXT,TEXT_P,0.693,0.233,0.075,TEXT_T
CTX194005242A,1,TEXT,TEXT_T,TEXT_HW,0.954,0.03,0.015,TEXT
CTX194005342A,1,TEXT_T,TEXT,LINE_T,0.457,0.448,0.095,TEXT_T
CTX194005442,1,PHOTO,TEXT,TEXT_HW,0.91,0.065,0.025,PHOTO
CTX194005770,1,PHOTO,TEXT,TEXT_T,0.887,0.08,0.033,PHOTO
CTX194005870,5,LINE_HW,DRAW_L,DRAW,0.572,0.268,0.159,LINE_HW
CTX194005870,6,LINE_HW,DRAW,LINE_P,0.719,0.145,0.135,LINE_HW
CTX194005870,7,LINE_HW,DRAW,DRAW_L,0.691,0.166,0.144,LINE_HW
CTX194005870,8,LINE_HW,DRAW_L,DRAW,0.56,0.24,0.2,LINE_HW
CTX194005870,9,LINE_HW,DRAW_L,DRAW,0.801,0.105,0.094,LINE_HW
CTX194100379A,1,TEXT_HW,TEXT,TEXT_T,0.871,0.079,0.05,TEXT_HW
CTX194101575,1,PHOTO,TEXT,TEXT_T,0.931,0.045,0.024,PHOTO
CTX194102101,1,TEXT,TEXT_HW,LINE_HW,0.643,0.293,0.064,TEXT_HW
CTX194102101,2,TEXT_T,TEXT_P,TEXT,0.39,0.385,0.225,TEXT_T
CTX194102101,5,TEXT_T,TEXT,TEXT_P,0.607,0.227,0.166,TEXT_T
CTX194102101,6,TEXT,TEXT_T,TEXT_P,0.531,0.363,0.106,TEXT_T
CTX194102101,7,TEXT_T,TEXT,TEXT_P,0.53,0.303,0.166,TEXT_T
CTX194102101,8,TEXT_T,TEXT,TEXT_P,0.493,0.286,0.221,TEXT_T
CTX194102101,9,TEXT_T,TEXT,TEXT_P,0.531,0.295,0.174,TEXT_T
CTX194102101,10,TEXT_T,TEXT,TEXT_P,0.57,0.261,0.169,TEXT_T
CTX194102101,11,TEXT_T,TEXT,TEXT_P,0.523,0.272,0.206,TEXT_T
CTX194102101,12,TEXT_T,TEXT,TEXT_P,0.491,0.297,0.213,TEXT_T
CTX194102101,13,TEXT_T,TEXT,TEXT_P,0.573,0.265,0.162,TEXT_T
CTX194102101,19,DRAW,TEXT,DRAW_L,0.865,0.072,0.063,DRAW
CTX194102101,20,TEXT,TEXT_T,TEXT_P,0.573,0.239,0.189,TEXT
CTX194102101,21,TEXT,TEXT_T,TEXT_P,0.796,0.109,0.095,TEXT
CTX194102101,25,DRAW,DRAW_L,TEXT_T,0.753,0.162,0.085,DRAW
CTX194102101,26,TEXT,TEXT_T,TEXT_P,0.845,0.086,0.069,TEXT
CTX194102101,31,TEXT,TEXT_T,TEXT_P,0.425,0.395,0.18,TEXT
CTX194102101,41,DRAW,DRAW_L,TEXT_T,0.649,0.237,0.114,DRAW
CTX194102101,42,DRAW,DRAW_L,TEXT_T,0.643,0.23,0.128,DRAW
CTX194102101,43,DRAW,DRAW_L,TEXT_T,0.73,0.186,0.084,DRAW
CTX194102101,44,DRAW,TEXT_T,DRAW_L,0.676,0.172,0.153,DRAW
CTX194102101,45,DRAW,TEXT,DRAW_L,0.845,0.082,0.073,DRAW
CTX194102101,47,TEXT,TEXT_T,TEXT_P,0.623,0.243,0.134,TEXT
CTX194102101,48,DRAW,DRAW_L,TEXT,0.842,0.1,0.058,DRAW
CTX194102101,51,DRAW,DRAW_L,TEXT_T,0.731,0.189,0.079,DRAW
CTX194102101,53,DRAW,DRAW_L,TEXT_T,0.69,0.186,0.123,DRAW
CTX194102101,56,TEXT,TEXT_T,TEXT_P,0.713,0.147,0.141,TEXT
CTX194102101,60,TEXT,TEXT_T,LINE_T,0.796,0.104,0.1,TEXT
CTX194102101,61,TEXT,TEXT_T,TEXT_P,0.552,0.294,0.154,TEXT
CTX194102101,62,DRAW,DRAW_L,TEXT_T,0.524,0.27,0.206,DRAW
CTX194102101,63,DRAW,DRAW_L,TEXT_T,0.505,0.269,0.226,DRAW
CTX194102101,64,TEXT,TEXT_T,TEXT_P,0.574,0.276,0.15,TEXT
CTX194102101,66,DRAW,DRAW_L,TEXT,0.799,0.11,0.092,DRAW
CTX194102101,68,TEXT,TEXT_T,TEXT_P,0.618,0.271,0.112,TEXT
CTX194102101,69,TEXT,TEXT_T,TEXT_P,0.888,0.063,0.048,TEXT
CTX194102101,76,DRAW,TEXT,DRAW_L,0.856,0.077,0.067,DRAW
CTX194102101,77,DRAW,DRAW_L,TEXT,0.791,0.134,0.075,DRAW
CTX194102101,78,DRAW,DRAW_L,TEXT,0.892,0.06,0.048,DRAW
CTX194102101,79,DRAW,DRAW_L,TEXT,0.828,0.089,0.082,DRAW
CTX194102101,80,TEXT,TEXT_T,LINE_T,0.747,0.154,0.099,TEXT
CTX194102101,81,TEXT,TEXT_T,TEXT_P,0.685,0.199,0.117,TEXT
CTX194102101,82,TEXT,TEXT_T,TEXT_P,0.663,0.221,0.116,TEXT
CTX194102101,83,TEXT,TEXT_P,TEXT_T,0.827,0.092,0.081,TEXT
CTX194102101,85,TEXT,TEXT_T,TEXT_P,0.84,0.087,0.073,TEXT
CTX194102101,87,DRAW,TEXT,TEXT_HW,0.741,0.133,0.125,DRAW
CTX194102101,88,DRAW,DRAW_L,TEXT_HW,0.787,0.11,0.104,DRAW
CTX194102101,89,DRAW,TEXT,TEXT_T,0.768,0.126,0.107,DRAW
CTX194102101,90,DRAW,DRAW_L,TEXT,0.857,0.079,0.063,DRAW
CTX194102101,91,TEXT,TEXT_T,LINE_T,0.61,0.283,0.107,TEXT
CTX194102101,92,DRAW,DRAW_L,TEXT_T,0.828,0.09,0.082,DRAW
CTX194102101,93,TEXT,TEXT_T,TEXT_P,0.637,0.258,0.105,TEXT
CTX194102101,94,TEXT,TEXT_T,TEXT_P,0.821,0.111,0.068,TEXT
CTX194102101,95,TEXT,TEXT_T,TEXT_P,0.857,0.093,0.05,TEXT
CTX194102101,96,TEXT,TEXT_T,TEXT_P,0.759,0.126,0.115,TEXT
CTX194102101,97,TEXT,TEXT_P,TEXT_T,0.711,0.148,0.142,TEXT
CTX194102101,98,DRAW,DRAW_L,TEXT,0.786,0.114,0.101,DRAW
CTX194102101,99,DRAW,TEXT,DRAW_L,0.802,0.104,0.095,DRAW
CTX194103610,1,DRAW,TEXT,DRAW_L,0.412,0.299,0.289,DRAW
CTX194103844,1,PHOTO_L,PHOTO,DRAW_L,0.863,0.072,0.065,PHOTO_L
CTX194104590A,1,TEXT,LINE_T,TEXT_T,0.926,0.038,0.037,TEXT
CTX194104725,1,TEXT,TEXT_HW,DRAW_L,0.922,0.04,0.038,TEXT
CTX194104725,2,TEXT_T,TEXT,TEXT_P,0.52,0.343,0.137,TEXT_T
CTX194104725,3,TEXT_T,TEXT,TEXT_P,0.475,0.342,0.182,TEXT_T
CTX194104725,4,TEXT_T,TEXT,TEXT_P,0.5,0.356,0.143,TEXT_T
CTX194104725,5,TEXT_T,TEXT,LINE_T,0.466,0.426,0.108,TEXT_T
CTX194104725,6,TEXT_T,TEXT,TEXT_P,0.588,0.314,0.098,TEXT_T
CTX194104725,7,TEXT_T,TEXT,TEXT_P,0.56,0.349,0.091,TEXT_T
CTX194104725,8,TEXT_T,TEXT,TEXT_P,0.578,0.319,0.103,TEXT_T
CTX194104725,9,TEXT,TEXT_T,TEXT_P,0.459,0.418,0.122,TEXT_T
CTX194104986,1,PHOTO_L,DRAW_L,LINE_HW,0.814,0.11,0.076,PHOTO_L
CTX194105052,1,PHOTO_L,DRAW_L,PHOTO,0.824,0.1,0.076,PHOTO_L
CTX194105133,1,LINE_HW,TEXT_HW,DRAW_L,0.727,0.15,0.123,LINE_HW
CTX194105459,1,TEXT_HW,TEXT,TEXT_P,0.527,0.368,0.104,TEXT_HW
CTX194105459,2,TEXT_T,TEXT,LINE_T,0.533,0.355,0.112,TEXT_T
CTX194105459,3,TEXT_T,TEXT,LINE_T,0.466,0.449,0.084,TEXT_T
CTX194105459,4,TEXT_T,TEXT,LINE_T,0.534,0.347,0.12,TEXT_T
CTX194105459,5,TEXT_T,TEXT,TEXT_P,0.478,0.412,0.11,TEXT_T
CTX194105459,6,TEXT_T,TEXT,TEXT_P,0.488,0.406,0.106,TEXT_T
CTX194105459,7,TEXT_T,TEXT,TEXT_P,0.454,0.399,0.147,TEXT_T
CTX194105459,8,TEXT_T,TEXT,TEXT_P,0.493,0.39,0.117,TEXT_T
CTX194105459,9,TEXT,TEXT_T,TEXT_P,0.51,0.39,0.101,TEXT_T
CTX194106081,1,TEXT,TEXT_T,LINE_T,0.839,0.103,0.058,TEXT
CTX194106081,2,TEXT_T,TEXT,TEXT_P,0.532,0.398,0.07,TEXT
CTX194106081,3,TEXT_T,TEXT,DRAW,0.618,0.305,0.078,TEXT
CTX194106081,5,TEXT_T,TEXT,TEXT_P,0.757,0.181,0.063,TEXT
CTX194106081,6,TEXT,TEXT_T,LINE_T,0.625,0.244,0.132,TEXT
CTX194106081,7,PHOTO,TEXT,DRAW_L,0.949,0.03,0.021,PHOTO
CTX194106081,8,PHOTO,TEXT,TEXT_P,0.838,0.121,0.042,PHOTO
CTX194106081,9,PHOTO,TEXT,DRAW_L,0.945,0.035,0.02,PHOTO
CTX194200587,1,LINE_HW,LINE_T,TEXT_HW,0.718,0.152,0.13,LINE_HW
CTX194200984,3,DRAW_L,DRAW,PHOTO_L,0.816,0.119,0.064,DRAW_L
CTX194200984,4,DRAW_L,DRAW,PHOTO_L,0.642,0.28,0.078,DRAW_L
CTX194200984,5,DRAW_L,DRAW,PHOTO_L,0.728,0.202,0.07,DRAW_L
CTX194200984,6,LINE_HW,DRAW_L,TEXT_HW,0.827,0.097,0.076,LINE_HW
CTX194200984,7,LINE_HW,DRAW_L,LINE_P,0.847,0.084,0.069,LINE_HW
CTX194200984,8,LINE_HW,LINE_P,DRAW_L,0.778,0.111,0.111,LINE_HW
CTX194200984,9,LINE_HW,LINE_P,DRAW_L,0.878,0.07,0.052,LINE_HW
CTX194201336,3,LINE_T,TEXT_T,TEXT,0.939,0.034,0.027,LINE_T
CTX194201336,4,LINE_T,TEXT_T,TEXT,0.954,0.027,0.018,LINE_T
CTX194201336,5,LINE_T,TEXT_T,TEXT,0.915,0.048,0.036,LINE_T
CTX194201336,6,LINE_T,TEXT_T,TEXT,0.948,0.029,0.023,LINE_T
CTX194201336,7,LINE_T,TEXT_T,TEXT_P,0.965,0.019,0.016,LINE_T
CTX194201336,8,LINE_T,TEXT_T,TEXT,0.944,0.03,0.026,LINE_T
CTX194201336,9,LINE_T,TEXT_T,TEXT_P,0.939,0.033,0.027,LINE_T
CTX194201336,10,LINE_T,TEXT_T,TEXT,0.956,0.024,0.02,LINE_T
CTX194201336,11,PHOTO_L,DRAW_L,LINE_T,0.811,0.1,0.089,PHOTO_L
CTX194201336,12,LINE_T,TEXT,TEXT_T,0.961,0.02,0.018,LINE_T
CTX194201336,13,LINE_T,TEXT,TEXT_T,0.948,0.026,0.025,LINE_T
CTX194201336,14,LINE_T,TEXT_T,TEXT_P,0.96,0.021,0.019,LINE_T
CTX194201336,15,PHOTO_L,DRAW_L,LINE_T,0.736,0.143,0.121,PHOTO_L
CTX194201336,16,LINE_T,TEXT_T,TEXT,0.959,0.023,0.018,LINE_T
CTX194201336,17,LINE_T,TEXT,TEXT_T,0.946,0.027,0.027,LINE_T
CTX194201336,18,LINE_T,TEXT,TEXT_T,0.949,0.026,0.025,LINE_T
CTX194201336,19,PHOTO_L,DRAW_L,LINE_T,0.758,0.139,0.103,PHOTO_L
CTX194201336,20,LINE_T,TEXT_T,TEXT,0.936,0.037,0.028,LINE_T
CTX194201336,21,LINE_T,TEXT_T,TEXT_P,0.954,0.024,0.022,LINE_T
CTX194201336,22,LINE_T,TEXT_T,TEXT,0.946,0.027,0.026,LINE_T
CTX194201336,23,LINE_T,TEXT_T,TEXT,0.962,0.022,0.016,LINE_T
CTX194201336,24,LINE_T,TEXT,TEXT_T,0.945,0.028,0.027,LINE_T
CTX194201336,25,LINE_T,TEXT_T,TEXT,0.945,0.028,0.028,LINE_T
CTX194201336,26,LINE_T,TEXT,TEXT_T,0.965,0.018,0.018,LINE_T
CTX194201336,27,LINE_T,TEXT_T,TEXT,0.951,0.027,0.022,LINE_T
CTX194201336,28,PHOTO_L,LINE_T,DRAW_L,0.788,0.113,0.1,PHOTO_L
CTX194201336,29,LINE_T,TEXT_T,TEXT,0.936,0.033,0.031,LINE_T
CTX194201336,30,LINE_T,TEXT,TEXT_T,0.943,0.033,0.024,LINE_T
CTX194201336,31,LINE_T,TEXT_T,TEXT,0.924,0.038,0.038,LINE_T
CTX194201336,32,PHOTO_L,DRAW_L,LINE_T,0.8,0.102,0.098,PHOTO_L
CTX194201336,33,PHOTO_L,DRAW_L,LINE_T,0.783,0.114,0.103,PHOTO_L
CTX194201336,34,LINE_T,TEXT,TEXT_T,0.934,0.037,0.028,LINE_T
CTX194201336,35,LINE_T,TEXT_T,TEXT,0.951,0.026,0.023,LINE_T
CTX194201336,36,LINE_T,TEXT_T,TEXT,0.939,0.037,0.025,LINE_T
CTX194201336,37,LINE_T,TEXT_T,TEXT,0.928,0.038,0.034,LINE_T
CTX194201336,38,LINE_T,TEXT_T,TEXT,0.961,0.021,0.018,LINE_T
CTX194201336,39,LINE_T,TEXT,TEXT_T,0.942,0.03,0.028,LINE_T
CTX194201336,40,PHOTO_L,DRAW_L,LINE_T,0.823,0.101,0.076,PHOTO_L
CTX194201336,41,LINE_T,TEXT_T,TEXT_P,0.953,0.028,0.019,LINE_T
CTX194201336,42,LINE_T,TEXT,TEXT_T,0.956,0.024,0.021,LINE_T
CTX194201336,43,LINE_T,TEXT,TEXT_T,0.955,0.023,0.022,LINE_T
CTX194201336,44,LINE_T,TEXT_T,TEXT,0.953,0.026,0.021,LINE_T
CTX194201336,45,LINE_T,TEXT_T,TEXT_P,0.961,0.021,0.019,LINE_T
CTX194201336,46,LINE_T,TEXT_T,TEXT,0.956,0.023,0.021,LINE_T
CTX194201336,47,LINE_T,TEXT,TEXT_T,0.953,0.024,0.023,LINE_T
CTX194201336,48,LINE_T,TEXT_T,TEXT_P,0.942,0.031,0.027,LINE_T
CTX194201336,49,PHOTO_L,DRAW_L,TEXT,0.805,0.115,0.08,PHOTO_L
CTX194201336,50,PHOTO_L,LINE_T,DRAW_L,0.834,0.085,0.08,PHOTO_L
CTX194201336,51,LINE_T,TEXT_T,LINE_P,0.836,0.106,0.058,LINE_T
CTX194201336,52,PHOTO_L,DRAW_L,TEXT,0.816,0.112,0.072,PHOTO_L
CTX194201336,53,PHOTO_L,DRAW_L,LINE_T,0.815,0.102,0.083,PHOTO_L
CTX194201336,54,LINE_T,TEXT_T,TEXT_P,0.958,0.026,0.017,LINE_T
CTX194201336,55,PHOTO_L,DRAW_L,LINE_T,0.793,0.116,0.091,PHOTO_L
CTX194201336,56,PHOTO_L,DRAW_L,LINE_T,0.801,0.108,0.09,PHOTO_L
CTX194201336,57,PHOTO_L,DRAW_L,PHOTO,0.818,0.107,0.075,PHOTO_L
CTX194201336,58,PHOTO_L,TEXT,DRAW_L,0.808,0.097,0.096,PHOTO_L
CTX194201336,59,LINE_T,TEXT_T,TEXT_P,0.966,0.017,0.017,LINE_T
CTX194201336,60,PHOTO_L,DRAW_L,TEXT,0.814,0.113,0.073,PHOTO_L
CTX194201336,61,PHOTO_L,DRAW_L,LINE_T,0.841,0.085,0.074,PHOTO_L
CTX194201336,62,LINE_T,TEXT,TEXT_T,0.95,0.027,0.023,LINE_T
CTX194201336,63,LINE_T,TEXT_T,TEXT,0.954,0.024,0.022,LINE_T
CTX194201336,64,LINE_T,TEXT_T,TEXT,0.961,0.02,0.019,LINE_T
CTX194201336,65,LINE_T,TEXT_T,TEXT,0.952,0.026,0.022,LINE_T
CTX194201336,66,LINE_T,TEXT_T,TEXT,0.937,0.034,0.03,LINE_T
CTX194201336,67,LINE_T,TEXT,TEXT_T,0.955,0.024,0.02,LINE_T
CTX194201336,68,LINE_T,TEXT_T,TEXT,0.949,0.027,0.023,LINE_T
CTX194201336,69,PHOTO_L,DRAW_L,LINE_T,0.841,0.088,0.071,PHOTO_L
CTX194201336,70,PHOTO_L,LINE_T,DRAW_L,0.807,0.099,0.094,PHOTO_L
CTX194201336,71,PHOTO_L,DRAW_L,TEXT,0.838,0.102,0.06,PHOTO_L
CTX194201336,72,LINE_T,TEXT,TEXT_T,0.958,0.022,0.02,LINE_T
CTX194201336,73,LINE_T,TEXT_T,TEXT,0.95,0.025,0.025,LINE_T
CTX194201336,74,LINE_T,TEXT_T,TEXT,0.939,0.033,0.028,LINE_T
CTX194201336,75,LINE_T,TEXT_T,TEXT,0.945,0.03,0.024,LINE_T
CTX194201336,76,LINE_T,TEXT_T,TEXT,0.96,0.023,0.017,LINE_T
CTX194201336,77,LINE_T,TEXT_T,TEXT,0.951,0.026,0.022,LINE_T
CTX194201336,78,PHOTO_L,DRAW_L,LINE_T,0.814,0.1,0.085,PHOTO_L
CTX194201336,79,LINE_T,TEXT_T,TEXT,0.951,0.029,0.02,LINE_T
CTX194201336,80,LINE_T,TEXT,TEXT_T,0.952,0.024,0.024,LINE_T
CTX194201336,81,LINE_T,TEXT,TEXT_T,0.952,0.024,0.023,LINE_T
CTX194201336,82,LINE_T,TEXT,TEXT_T,0.951,0.026,0.023,LINE_T
CTX194201336,83,LINE_T,TEXT_T,TEXT_P,0.957,0.025,0.019,LINE_T
CTX194201336,84,LINE_T,TEXT_T,TEXT_P,0.943,0.033,0.024,LINE_T
CTX194201336,85,LINE_T,TEXT_T,TEXT,0.953,0.027,0.02,LINE_T
CTX194201336,86,LINE_T,TEXT_T,TEXT_P,0.954,0.023,0.023,LINE_T
CTX194201336,87,LINE_T,TEXT_T,TEXT_P,0.963,0.021,0.016,LINE_T
CTX194201336,88,LINE_T,TEXT_T,TEXT_P,0.953,0.028,0.019,LINE_T
CTX194201336,89,LINE_T,TEXT_T,TEXT,0.955,0.026,0.018,LINE_T
CTX194201336,90,PHOTO_L,DRAW_L,LINE_T,0.733,0.16,0.108,PHOTO_L
CTX194201336,91,LINE_T,TEXT_T,TEXT,0.957,0.025,0.018,LINE_T
CTX194201336,92,LINE_T,TEXT_T,TEXT_P,0.966,0.018,0.016,LINE_T
CTX194201336,93,LINE_T,TEXT_T,TEXT,0.962,0.019,0.018,LINE_T
CTX194201336,94,LINE_T,TEXT_T,TEXT_P,0.95,0.03,0.019,LINE_T
CTX194201336,95,LINE_T,TEXT_T,TEXT,0.937,0.037,0.026,LINE_T
CTX194201336,96,PHOTO_L,DRAW_L,LINE_T,0.832,0.09,0.078,PHOTO_L
CTX194201336,97,LINE_T,TEXT,TEXT_T,0.976,0.014,0.01,LINE_T
CTX194201336,98,LINE_T,TEXT_T,TEXT,0.947,0.029,0.024,LINE_T
CTX194201336,99,LINE_T,TEXT_T,TEXT,0.957,0.024,0.019,LINE_T
CTX194201516,5,TEXT_HW,TEXT_T,TEXT,0.886,0.058,0.056,TEXT_HW
CTX194201516,6,TEXT_HW,TEXT_P,TEXT_T,0.849,0.091,0.059,TEXT_HW
CTX194201516,7,TEXT_HW,TEXT_P,TEXT,0.881,0.061,0.058,TEXT_HW
CTX194201516,8,TEXT_HW,TEXT_P,TEXT_T,0.882,0.064,0.054,TEXT_HW
CTX194201516,9,TEXT_HW,TEXT_P,TEXT,0.87,0.071,0.059,TEXT_HW
CTX194201804,1,PHOTO_L,DRAW_L,TEXT_P,0.845,0.088,0.067,PHOTO_L
CTX194202466,1,TEXT,TEXT_HW,TEXT_P,0.465,0.45,0.085,TEXT_HW
CTX194202473B,1,LINE_T,TEXT_T,TEXT,0.947,0.03,0.023,LINE_T
CTX194203019,2,TEXT,TEXT_T,TEXT_P,0.648,0.238,0.113,TEXT
CTX194203019,3,TEXT_T,TEXT,LINE_T,0.754,0.165,0.082,TEXT_T
CTX194203019,4,TEXT_T,TEXT,TEXT_P,0.551,0.244,0.205,TEXT_T
CTX194203019,5,TEXT_T,TEXT,LINE_T,0.782,0.122,0.096,TEXT_T
CTX194203019,6,TEXT_T,TEXT_P,TEXT,0.602,0.276,0.122,TEXT_T
CTX194203019,7,TEXT_T,TEXT_P,TEXT,0.679,0.171,0.149,TEXT_T
CTX194203019,8,TEXT,TEXT_T,TEXT_HW,0.762,0.165,0.072,TEXT
CTX194203019,9,TEXT_T,TEXT,TEXT_P,0.756,0.136,0.108,TEXT_T
CTX194203019A,17,TEXT_T,TEXT,LINE_T,0.831,0.089,0.079,TEXT_T
